=== Run information ===

Scheme:       weka.classifiers.meta.FilteredClassifier -F "weka.filters.MultiFilter -F \"weka.filters.unsupervised.attribute.NumericToNominal -R first-last\" -S 1977872045" -S 19126008 -W weka.classifiers.bayes.NaiveBayes
Relation:     heart
Instances:    270
Attributes:   14
              age
              sex
              chest pain type
              resting blood pressure
              serum cholestoral
              fasting blood sugar
              resting electrocardiographic
              maximum heart rate
              exercise induced angina
              oldpeak
              the slope
              major vessels colored
              thal
              class
Test mode:    10-fold cross-validation

=== Classifier model (full training set) ===

FilteredClassifier using weka.classifiers.bayes.NaiveBayes  on data filtered through weka.filters.MultiFilter -F "weka.filters.unsupervised.attribute.NumericToNominal -R first-last" -S 1977872045

Filtered Header
@relation 'heart-weka.filters.unsupervised.attribute.NumericToNominal-Rfirst-last-weka.filters.MultiFilter-Fweka.filters.unsupervised.attribute.NumericToNominal -R first-last-S1977872045'

@attribute age {29,34,35,37,38,39,40,41,42,43,44,45,46,47,48,49,50,51,52,53,54,55,56,57,58,59,60,61,62,63,64,65,66,67,68,69,70,71,74,76,77}
@attribute sex {male,female}
@attribute 'chest pain type' {type-4,type-3,type-2,type-1}
@attribute 'resting blood pressure' {94,100,101,102,104,105,106,108,110,112,115,117,118,120,122,123,124,125,126,128,129,130,132,134,135,136,138,140,142,144,145,146,148,150,152,155,156,158,160,165,170,172,174,178,180,192,200}
@attribute 'serum cholestoral' {126,141,149,160,164,166,167,168,172,174,175,177,178,180,182,183,184,185,186,188,192,193,195,196,197,198,199,200,201,203,204,205,206,207,208,209,210,211,212,213,214,215,216,217,218,219,220,221,222,223,224,225,226,227,228,229,230,231,232,233,234,235,236,237,239,240,242,243,244,245,246,247,248,249,250,252,253,254,255,256,257,258,259,260,261,262,263,264,265,266,267,268,269,270,271,273,274,275,276,277,281,282,283,284,286,288,289,290,293,294,295,298,299,300,302,303,304,305,306,307,308,309,311,313,315,318,319,321,322,325,326,327,330,335,340,341,353,354,360,394,407,409,417,564}
@attribute 'fasting blood sugar' {less,more}
@attribute 'resting electrocardiographic' {type-2,type-0,type-1}
@attribute 'maximum heart rate' {71,88,95,96,97,99,103,105,106,108,109,111,112,113,114,115,116,117,118,120,121,122,123,124,125,126,127,128,129,130,131,132,133,134,136,137,138,139,140,141,142,143,144,145,146,147,148,149,150,151,152,153,154,155,156,157,158,159,160,161,162,163,164,165,166,167,168,169,170,171,172,173,174,175,177,178,179,180,181,182,184,185,186,187,188,190,192,194,195,202}
@attribute 'exercise induced angina' {no,yes}
@attribute oldpeak {0,0.1,0.2,0.3,0.4,0.5,0.6,0.7,0.8,0.9,1,1.1,1.2,1.3,1.4,1.5,1.6,1.8,1.9,2,2.1,2.2,2.3,2.4,2.5,2.6,2.8,2.9,3,3.1,3.2,3.4,3.5,3.6,3.8,4,4.2,5.6,6.2}
@attribute 'the slope' {type-2,type-1,type-3}
@attribute 'major vessels colored' {0,1,2,3}
@attribute thal {normal,'reversable defect',fixed-defect}
@attribute class {presence,absence}

@data


Classifier Model
Naive Bayes Classifier

                                  Class
Attribute                      presence  absence
                                 (0.44)   (0.56)
=================================================
age
  29                                 1.0      2.0
  34                                 1.0      3.0
  35                                 3.0      2.0
  37                                 1.0      3.0
  38                                 2.0      1.0
  39                                 2.0      3.0
  40                                 3.0      2.0
  41                                 2.0      9.0
  42                                 2.0      8.0
  43                                 3.0      6.0
  44                                 3.0      9.0
  45                                 2.0      7.0
  46                                 4.0      5.0
  47                                 3.0      3.0
  48                                 4.0      5.0
  49                                 3.0      4.0
  50                                 4.0      5.0
  51                                 4.0     10.0
  52                                 4.0      9.0
  53                                 3.0      6.0
  54                                 7.0     11.0
  55                                 5.0      3.0
  56                                 7.0      4.0
  57                                 6.0      8.0
  58                                11.0      6.0
  59                                 8.0      6.0
  60                                10.0      4.0
  61                                 7.0      2.0
  62                                 8.0      5.0
  63                                 5.0      4.0
  64                                 5.0      6.0
  65                                 5.0      5.0
  66                                 4.0      4.0
  67                                 6.0      4.0
  68                                 2.0      3.0
  69                                 2.0      3.0
  70                                 4.0      2.0
  71                                 1.0      4.0
  74                                 1.0      2.0
  76                                 1.0      2.0
  77                                 2.0      1.0
  [total]                          161.0    191.0

sex
  male                             101.0     84.0
  female                            21.0     68.0
  [total]                          122.0    152.0

chest pain type
  type-4                            92.0     39.0
  type-3                            18.0     63.0
  type-2                             8.0     36.0
  type-1                             6.0     16.0
  [total]                          124.0    154.0

resting blood pressure
  94                                 1.0      3.0
  100                                3.0      3.0
  101                                1.0      2.0
  102                                1.0      3.0
  104                                1.0      2.0
  105                                1.0      4.0
  106                                1.0      2.0
  108                                3.0      5.0
  110                               10.0      9.0
  112                                5.0      6.0
  115                                1.0      4.0
  117                                2.0      1.0
  118                                3.0      6.0
  120                               14.0     22.0
  122                                2.0      3.0
  123                                2.0      1.0
  124                                4.0      3.0
  125                                8.0      4.0
  126                                3.0      2.0
  128                                5.0      6.0
  129                                1.0      2.0
  130                               12.0     21.0
  132                                5.0      3.0
  134                                3.0      3.0
  135                                2.0      6.0
  136                                3.0      2.0
  138                                4.0      7.0
  140                               14.0     18.0
  142                                2.0      3.0
  144                                2.0      1.0
  145                                5.0      2.0
  146                                2.0      1.0
  148                                1.0      2.0
  150                                9.0     10.0
  152                                3.0      3.0
  155                                1.0      2.0
  156                                1.0      2.0
  158                                2.0      1.0
  160                                7.0      6.0
  165                                2.0      1.0
  170                                3.0      1.0
  172                                1.0      2.0
  174                                2.0      1.0
  178                                2.0      2.0
  180                                3.0      2.0
  192                                2.0      1.0
  200                                2.0      1.0
  [total]                          167.0    197.0

serum cholestoral
  126                                1.0      2.0
  141                                1.0      2.0
  149                                2.0      2.0
  160                                1.0      2.0
  164                                2.0      1.0
  166                                2.0      1.0
  167                                2.0      1.0
  168                                1.0      2.0
  172                                2.0      1.0
  174                                2.0      1.0
  175                                1.0      2.0
  177                                3.0      3.0
  178                                1.0      2.0
  180                                1.0      2.0
  182                                1.0      2.0
  183                                1.0      2.0
  184                                2.0      1.0
  185                                2.0      1.0
  186                                1.0      2.0
  188                                3.0      1.0
  192                                1.0      2.0
  193                                1.0      2.0
  195                                1.0      2.0
  196                                1.0      3.0
  197                                2.0      4.0
  198                                2.0      2.0
  199                                1.0      4.0
  200                                2.0      1.0
  201                                1.0      4.0
  203                                2.0      2.0
  204                                1.0      5.0
  205                                1.0      2.0
  206                                3.0      1.0
  207                                2.0      2.0
  208                                1.0      3.0
  209                                1.0      3.0
  210                                1.0      2.0
  211                                1.0      5.0
  212                                4.0      2.0
  213                                1.0      3.0
  214                                1.0      3.0
  215                                1.0      2.0
  216                                2.0      1.0
  217                                2.0      1.0
  218                                3.0      1.0
  219                                2.0      3.0
  220                                1.0      2.0
  221                                1.0      2.0
  222                                1.0      3.0
  223                                2.0      2.0
  224                                2.0      1.0
  225                                2.0      1.0
  226                                1.0      5.0
  227                                1.0      2.0
  228                                2.0      2.0
  229                                4.0      1.0
  230                                4.0      1.0
  231                                3.0      2.0
  232                                1.0      2.0
  233                                2.0      4.0
  234                                3.0      5.0
  235                                1.0      3.0
  236                                1.0      3.0
  237                                2.0      1.0
  239                                3.0      3.0
  240                                1.0      4.0
  242                                1.0      2.0
  243                                3.0      3.0
  244                                2.0      3.0
  245                                1.0      4.0
  246                                3.0      2.0
  247                                1.0      2.0
  248                                2.0      2.0
  249                                4.0      1.0
  250                                1.0      4.0
  252                                1.0      2.0
  253                                2.0      1.0
  254                                5.0      2.0
  255                                2.0      2.0
  256                                3.0      2.0
  257                                1.0      2.0
  258                                3.0      2.0
  259                                2.0      1.0
  260                                2.0      2.0
  261                                2.0      2.0
  262                                1.0      2.0
  263                                2.0      3.0
  264                                1.0      2.0
  265                                1.0      3.0
  266                                2.0      2.0
  267                                2.0      2.0
  268                                2.0      2.0
  269                                3.0      4.0
  270                                2.0      2.0
  271                                1.0      3.0
  273                                2.0      2.0
  274                                4.0      1.0
  275                                2.0      2.0
  276                                2.0      1.0
  277                                1.0      3.0
  281                                2.0      1.0
  282                                5.0      1.0
  283                                3.0      2.0
  284                                2.0      1.0
  286                                3.0      1.0
  288                                3.0      2.0
  289                                3.0      1.0
  290                                2.0      1.0
  293                                2.0      1.0
  294                                2.0      2.0
  295                                1.0      3.0
  298                                2.0      2.0
  299                                3.0      1.0
  300                                2.0      1.0
  302                                1.0      3.0
  303                                1.0      4.0
  304                                2.0      2.0
  305                                3.0      1.0
  306                                1.0      2.0
  307                                2.0      1.0
  308                                1.0      3.0
  309                                3.0      2.0
  311                                2.0      1.0
  313                                1.0      2.0
  315                                2.0      2.0
  318                                1.0      2.0
  319                                2.0      1.0
  321                                1.0      2.0
  322                                2.0      1.0
  325                                1.0      3.0
  326                                2.0      1.0
  327                                2.0      1.0
  330                                3.0      1.0
  335                                2.0      1.0
  340                                1.0      2.0
  341                                2.0      1.0
  353                                2.0      1.0
  354                                1.0      2.0
  360                                1.0      2.0
  394                                1.0      2.0
  407                                2.0      1.0
  409                                2.0      1.0
  417                                1.0      2.0
  564                                1.0      2.0
  [total]                          264.0    294.0

fasting blood sugar
  less                             104.0    128.0
  more                              18.0     24.0
  [total]                          122.0    152.0

resting electrocardiographic
  type-2                            74.0     65.0
  type-0                            47.0     86.0
  type-1                             2.0      2.0
  [total]                          123.0    153.0

maximum heart rate
  71                                 2.0      1.0
  88                                 2.0      1.0
  95                                 2.0      1.0
  96                                 2.0      2.0
  97                                 2.0      1.0
  99                                 2.0      1.0
  103                                3.0      1.0
  105                                3.0      2.0
  106                                2.0      1.0
  108                                3.0      1.0
  109                                3.0      1.0
  111                                3.0      2.0
  112                                3.0      1.0
  113                                2.0      1.0
  114                                3.0      2.0
  115                                1.0      2.0
  116                                2.0      2.0
  117                                2.0      1.0
  118                                2.0      1.0
  120                                4.0      1.0
  121                                1.0      2.0
  122                                2.0      4.0
  123                                1.0      2.0
  124                                2.0      1.0
  125                                6.0      3.0
  126                                4.0      2.0
  127                                2.0      1.0
  128                                2.0      1.0
  129                                2.0      1.0
  130                                3.0      2.0
  131                                3.0      2.0
  132                                6.0      2.0
  133                                2.0      2.0
  134                                2.0      1.0
  136                                2.0      1.0
  137                                1.0      2.0
  138                                2.0      3.0
  139                                2.0      2.0
  140                                4.0      3.0
  141                                3.0      1.0
  142                                5.0      3.0
  143                                2.0      5.0
  144                                4.0      2.0
  145                                4.0      2.0
  146                                3.0      2.0
  147                                4.0      3.0
  148                                1.0      4.0
  149                                1.0      3.0
  150                                5.0      3.0
  151                                1.0      5.0
  152                                3.0      5.0
  153                                2.0      3.0
  154                                3.0      4.0
  155                                3.0      2.0
  156                                3.0      4.0
  157                                2.0      5.0
  158                                4.0      4.0
  159                                2.0      4.0
  160                                5.0      6.0
  161                                3.0      4.0
  162                                3.0      9.0
  163                                3.0      7.0
  164                                1.0      2.0
  165                                3.0      4.0
  166                                2.0      2.0
  167                                1.0      2.0
  168                                3.0      4.0
  169                                3.0      3.0
  170                                2.0      5.0
  171                                2.0      4.0
  172                                1.0      8.0
  173                                3.0      5.0
  174                                2.0      3.0
  175                                1.0      4.0
  177                                2.0      1.0
  178                                1.0      6.0
  179                                1.0      5.0
  180                                1.0      3.0
  181                                2.0      2.0
  182                                2.0      4.0
  184                                1.0      2.0
  185                                1.0      2.0
  186                                1.0      3.0
  187                                1.0      2.0
  188                                1.0      2.0
  190                                1.0      2.0
  192                                1.0      2.0
  194                                1.0      2.0
  195                                2.0      1.0
  202                                1.0      2.0
  [total]                          210.0    240.0

exercise induced angina
  no                                55.0    128.0
  yes                               67.0     24.0
  [total]                          122.0    152.0

oldpeak
  0                                 23.0     64.0
  0.1                                3.0      5.0
  0.2                                3.0     10.0
  0.3                                2.0      3.0
  0.4                                2.0      8.0
  0.5                                2.0      5.0
  0.6                                5.0      9.0
  0.7                                1.0      2.0
  0.8                                5.0      8.0
  0.9                                3.0      2.0
  1                                  9.0      5.0
  1.1                                1.0      3.0
  1.2                                9.0      7.0
  1.3                                1.0      2.0
  1.4                                8.0      7.0
  1.5                                2.0      5.0
  1.6                                5.0      8.0
  1.8                                8.0      4.0
  1.9                                4.0      3.0
  2                                  7.0      3.0
  2.1                                2.0      1.0
  2.2                                5.0      1.0
  2.3                                1.0      3.0
  2.4                                3.0      2.0
  2.5                                3.0      1.0
  2.6                                6.0      2.0
  2.8                                5.0      1.0
  2.9                                2.0      1.0
  3                                  4.0      2.0
  3.1                                2.0      1.0
  3.2                                3.0      1.0
  3.4                                3.0      1.0
  3.5                                1.0      2.0
  3.6                                5.0      1.0
  3.8                                2.0      1.0
  4                                  3.0      1.0
  4.2                                2.0      2.0
  5.6                                2.0      1.0
  6.2                                2.0      1.0
  [total]                          159.0    189.0

the slope
  type-2                            79.0     45.0
  type-1                            33.0     99.0
  type-3                            11.0      9.0
  [total]                          123.0    153.0

major vessels colored
  0                                 41.0    121.0
  1                                 39.0     21.0
  2                                 27.0      8.0
  3                                 17.0      4.0
  [total]                          124.0    154.0

thal
  normal                            34.0    120.0
  reversable defect                 80.0     26.0
  fixed-defect                       9.0      7.0
  [total]                          123.0    153.0



Time taken to build model: 0 seconds

=== Stratified cross-validation ===
=== Summary ===

Correctly Classified Instances         220               81.4815 %
Incorrectly Classified Instances        50               18.5185 %
Kappa statistic                          0.6231
Mean absolute error                      0.2114
Root mean squared error                  0.3828
Relative absolute error                 42.8112 %
Root relative squared error             77.0298 %
Total Number of Instances              270     

=== Detailed Accuracy By Class ===

                 TP Rate  FP Rate  Precision  Recall   F-Measure  MCC      ROC Area  PRC Area  Class
                 0.767    0.147    0.807      0.767    0.786      0.624    0.887     0.867     presence
                 0.853    0.233    0.821      0.853    0.837      0.624    0.887     0.902     absence
Weighted Avg.    0.815    0.195    0.815      0.815    0.814      0.624    0.887     0.887     

=== Confusion Matrix ===

   a   b   <-- classified as
  92  28 |   a = presence
  22 128 |   b = absence

